mal;16;./data/jpg/f1.jpg;421;46;130.
mal;17;./data/jpg/f2.jpg;45;46;83.
elips;1;0;255;255;0;0;0;12;BD\nde vagas;77;425;79;50;-.
elips;2;0;255;255;0;0;0;15;BD\nde clientes;122;93;94;61;-.
elips;3;0;255;255;0;0;0;28;BD de empresas\ncom convenio;398;100;142;50;-.
mLine;4;124;252;0;255;0;0;37;Chegou\num cliente para\ndeixar carro;222;44;127;67;-.
losango;5;255;255;0;0;0;0;13;É mensalista?;186;150;200;50;-.
losango;6;255;255;0;0;0;0;12;Há convenio?;290;219;179;67;-.
mLine;7;210;180;140;0;0;0;20;Escolher\nvaga livre;134;333;69;42;-.
mLine;8;210;180;140;0;0;0;25;Marcar vaga\ncomo ocupada;225;388;105;44;-.
mLine;9;210;180;140;0;0;0;39;Marcar hora\nde entrada\n(sem convenio);114;205;107;60;-.
mLine;10;210;180;140;0;0;0;39;Marcar hora\nde entrada\n(com convenio);439;331;103;60;-.
mLine;11;124;252;0;255;0;0;20;Dispensar\no cliente;243;470;69;45;-.
mLine;12;255;250;250;0;0;0;3;Sim;151;152;56;30;+.
mLine;13;255;250;250;0;0;0;3;Não;254;228;41;32;+.
mLine;14;255;250;250;0;0;0;3;Sim;461;229;41;29;+.
mLine;15;255;250;250;0;0;0;3;Não;382;151;50;29;+.
arrow;1;8;1;195;430;255;105;180;+;0;0.
arrow;3;6;1;460;206;255;105;180;+;1;0.
arrow;4;5;1;285;129;0;0;255;-;6;3.
arrow;5;6;3;437;175;437;194;379;194;0;0;255;-;5;3.
arrow;5;2;1;260;123;255;105;180;+;7;0.
arrow;5;7;2;89;175;89;353;0;0;205;-;4;4.
arrow;6;9;2;253;252;253;234;0;0;205;-;4;5.
arrow;6;10;1;490;252;0;0;205;-;5;3.
arrow;7;8;1;177;407;0;0;255;-;0;0.
arrow;7;1;1;145;399;255;105;180;+;0;0.
arrow;8;11;1;277;447;0;0;255;-;6;3.
arrow;8;2;3;277;279;66;279;66;157;255;105;180;+;0;0.
arrow;9;7;1;167;298;0;0;255;-;0;0.
arrow;9;2;1;104;192;255;105;180;+;0;0.
arrow;10;7;2;324;361;324;353;0;0;205;-;4;5.
arrow;10;3;2;517;211;488;211;255;105;180;+;1;1.
